"id","cost","status"
1,1,0
2,1,0
3,1,0
4,1,0
5,1,0
6,1,0
7,1,0
8,1,0
9,1,0
10,1,0
11,1,0
12,0.32455,0
13,0.53582,0
14,0.63886,0
15,0.36943,0
16,0.25029,0
17,0.20909,0
18,0.10006,0
19,0.9008,0
20,0.06167,0
21,0.0663,0
22,0.10209,0
23,0.34267,0
24,0.50256,0
25,1,0
26,1,0
27,1,0
28,1,0
29,1,0
30,1,0
31,1,0
32,1,0
33,1,0
34,1,0
35,1,0
36,1,0
37,1,0
38,1,0
39,1,0
40,1,0
41,1,0
42,1,0
43,1,0
44,1,0
45,1,0
46,1,0
47,1,0
48,1,0
49,1,0
50,1,0
51,1,0
52,1,0
53,1,0
54,1,0
55,1,0
56,1,0
57,1,0
58,0.97094,0
59,1,0
60,1,0
61,1,0
62,1,0
63,1,0
64,1,0
65,1,0
66,0.16708,0
67,0.19496,0
68,0.76641,0
69,0.04077,0
70,0.08572,0
71,0.40731,0
72,0.70532,0
73,0.88001,0
74,1,0
75,1,0
76,1,0
77,1,0
78,1,0
79,1,0
80,1,0
81,1,0
82,1,0
83,1,0
84,1,0
85,1,0
86,1,0
87,1,0
88,1,0
89,1,0
90,1,0
91,1,0
92,1,0
93,1,0
94,1,0
95,1,0
96,1,0
97,1,0
98,1,0
99,0.99952,0
100,0.76405,0
101,0.24056,0
102,0.07043,0
103,0.93888,0
104,1,0
105,1,0
106,1,0
107,0.36537,0
108,0.09709,0
109,0.782,0
110,0.99772,0
111,0.98912,0
112,0.60265,0
113,0.68107,0
114,1,0
115,1,0
116,1,0
117,1,0
118,1,0
119,0.66544,0
120,0.03032,0
121,0.24742,0
122,1,0
123,1,0
124,1,0
125,1,0
126,1,0
127,1,0
128,1,0
129,1,0
130,1,0
131,1,0
132,1,0
133,1,0
134,1,0
135,1,0
136,1,0
137,0.3173,0
138,0.83813,0
139,1,0
140,0.87124,0
141,0.21523,0
142,0.4643,0
143,1,0
144,0.63934,0
145,0.08185,0
146,1,0
147,1,0
148,1,0
149,1,0
150,1,0
151,1,0
152,1,0
153,1,0
154,1,0
155,1,0
156,1,0
157,1,0
158,1,0
159,1,0
160,1,0
161,1,0
162,1,0
163,1,0
164,1,0
165,1,0
166,0.58623,0
167,0.60618,0
168,1,0
169,1,0
170,1,0
171,1,0
172,1,0
173,1,0
174,1,0
175,1,0
176,1,0
177,1,0
178,1,0
179,1,0
180,1,0
181,1,0
182,1,0
183,1,0
184,1,0
185,1,0
186,1,0
187,1,0
188,1,0
189,1,0
190,1,0
191,1,0
192,1,0
193,1,0
194,1,0
195,1,0
196,0.64837,0
197,1,0
198,1,0
199,1,0
200,1,0
201,0.98706,0
202,0.48251,0
203,0.299,0
204,0.99999,0
205,0.44013,0
206,0.02227,0
207,0.40703,0
208,0.32689,0
209,0.34122,0
210,0.9895,0
211,1,0
212,1,0
213,1,0
214,0.02235,0
215,0.38677,0
216,0.92949,0
217,1,0
218,1,0
219,1,0
220,1,0
221,1,0
222,1,0
223,1,0
224,0.42303,0
225,1,0
226,0.99348,0
227,0.93785,0
228,0.17011,0
229,1,0
230,1,0
231,1,0
232,1,0
233,1,0
234,1,0
235,1,0
236,1,0
237,1,0
238,1,0
239,1,0
240,1,0
241,1,0
242,0.10652,0
243,0.60105,0
244,0.99861,0
245,1,0
246,1,0
247,0.99956,0
248,1,0
249,1,0
250,1,0
251,1,0
252,1,0
253,1,0
254,1,0
255,0.82481,0
256,0.34502,0
257,0.61323,0
258,1,0
259,1,0
260,1,0
261,0.39092,0
262,0.21544,0
263,0.90293,0
264,1,0
265,1,0
266,1,0
267,1,0
268,1,0
269,1,0
270,1,0
271,1,0
272,1,0
273,1,0
274,1,0
275,1,0
276,1,0
277,1,0
278,1,0
279,1,0
280,1,0
281,1,0
282,1,0
283,1,0
284,0.64809,0
285,0.1529,0
286,1,0
287,1,0
288,1,0
289,1,0
290,1,0
291,1,0
292,1,0
293,0.7646,0
294,0.37501,0
295,0.20014,0
296,0.7759,0
297,0.61997,0
298,0.76669,0
299,0.2461,0
300,0.26285,0
301,0.96295,0
302,1,0
303,1,0
304,1,0
305,1,0
306,1,0
307,1,0
308,1,0
309,1,0
310,1,0
311,1,0
312,1,0
313,1,0
314,1,0
315,1,0
316,1,0
317,1,0
318,1,0
319,1,0
320,1,0
321,1,0
322,1,0
323,1,0
324,1,0
325,1,0
326,1,0
327,1,0
328,1,0
329,1,0
330,1,0
331,1,0
332,1,0
333,1,0
334,1,0
335,1,0
336,1,0
337,1,0
338,1,0
339,1,0
340,1,0
341,1,0
342,1,0
343,1,0
344,1,0
345,1,0
346,1,0
347,0.97958,0
348,0.25169,0
349,1,0
350,0.18103,0
351,0.39882,0
352,0.58346,0
353,0.13101,0
354,1,0
355,1,0
356,1,0
357,1,0
358,1,0
359,1,0
360,1,0
361,1,0
362,1,0
363,1,0
364,1,0
365,1,0
366,1,0
367,1,0
368,1,0
369,1,0
370,1,0
371,1,0
372,0.88132,0
373,0.12545,0
374,1,0
375,1,0
376,1,0
377,1,0
378,1,0
379,1,0
380,1,0
381,0.98843,0
382,0.9377,0
383,1,0
384,1,0
385,1,0
386,1,0
387,1,0
388,0.14541,0
389,1,0
390,1,0
391,1,0
392,1,0
393,1,0
394,1,0
395,1,0
396,1,0
397,1,0
398,1,0
399,1,0
400,1,0
401,0.47652,0
402,1,0
403,1,0
404,1,0
405,1,0
406,1,0
407,1,0
408,1,0
409,1,0
410,1,0
411,1,0
412,1,0
413,1,0
414,1,0
415,1,0
416,1,0
417,1,0
418,1,0
419,1,0
420,1,0
421,1,0
422,1,0
423,1,0
424,1,0
425,1,0
426,0.13229,0
427,1,0
428,1,0
429,1,0
430,1,0
431,1,0
432,1,0
433,1,0
434,0.95793,0
435,1,0
436,0.18851,0
437,0.33307,0
438,0.54898,0
439,1,0
440,0.82923,0
441,1,0
442,1,0
443,1,0
444,1,0
445,1,0
446,1,0
447,1,0
448,1,0
449,1,0
450,1,0
451,0.03604,0
452,0.83416,0
453,0.99946,0
454,1,0
455,1,0
456,1,0
457,1,0
458,1,0
459,1,0
460,1,0
461,1,0
462,1,0
463,1,0
464,1,0
465,1,0
466,0.58119,0
467,1,0
468,1,0
469,1,0
470,1,0
471,1,0
472,1,0
473,1,0
474,1,0
475,0.94793,0
476,0.49585,0
477,1,0
478,1,0
479,1,0
480,1,0
481,1,0
482,1,0
483,1,0
484,1,0
485,1,0
486,1,0
487,1,0
488,1,0
489,1,0
490,1,0
491,1,0
492,1,0
493,1,0
494,1,0
495,1,0
496,1,0
497,1,0
498,1,0
499,1,0
500,1,0
501,1,0
502,1,0
503,1,0
504,1,0
505,1,0
506,1,0
507,1,0
508,1,0
509,0.94279,0
510,0.19478,0
511,1,0
512,1,0
513,1,0
514,1,0
515,1,0
516,1,0
517,1,0
518,1,0
519,1,0
520,1,0
521,1,0
522,1,0
523,1,0
524,1,0
525,1,0
526,0.90979,0
527,0.13558,0
528,1,0
529,1,0
530,1,0
531,1,0
532,1,0
533,1,0
534,1,0
535,1,0
536,1,0
537,1,0
538,1,0
539,1,0
540,1,0
541,1,0
542,1,0
543,1,0
544,1,0
545,1,0
546,1,0
547,1,0
548,1,0
549,1,0
550,1,0
551,1,0
552,1,0
553,1,0
554,1,0
555,1,0
556,1,0
557,1,0
558,1,0
559,1,0
560,1,0
561,0.42871,0
562,0.02481,0
563,0.51672,0
564,1,0
565,1,0
566,1,0
567,1,0
568,1,0
569,1,0
570,1,0
571,1,0
572,1,0
573,1,0
574,1,0
575,1,0
576,0.94649,0
577,0.7572,0
578,0.71752,0
579,0.74539,0
580,0.99783,0
581,1,0
582,1,0
583,1,0
584,1,0
585,1,0
586,1,0
587,1,0
588,1,0
589,0.10994,0
590,0.87457,0
591,1,0
592,1,0
593,1,0
594,0.97367,0
595,0.99866,0
596,1,0
597,0.98106,0
598,0.83957,0
599,0.71566,0
600,0.74435,0
601,1,0
602,1,0
603,1,0
604,0.12659,0
605,0.89531,0
606,0.76361,0
607,0.44229,0
608,0.98119,0
609,1,0
610,1,0
611,1,0
612,1,0
613,1,0
614,1,0
615,1,0
616,1,0
617,1,0
618,1,0
619,1,0
620,1,0
621,1,0
622,0.92139,0
623,0.94487,0
624,0.32347,0
625,0.30075,0
626,1,0
627,1,0
628,1,0
629,1,0
630,1,0
631,1,0
632,1,0
633,1,0
634,0.86412,0
635,0.49992,0
636,0.31023,0
637,1,0
638,1,0
639,0.99873,0
640,0.32445,0
641,0.24142,0
642,0.03424,0
643,0.05624,0
644,0.25465,0
645,0.89407,0
646,1,0
647,1,0
648,0.91593,0
649,0.99801,0
650,1,0
651,1,0
652,1,0
653,1,0
654,0.57212,0
655,0.99685,0
656,0.81633,0
657,0.05935,0
658,1,0
659,1,0
660,1,0
661,1,0
662,1,0
663,1,0
664,1,0
665,1,0
666,1,0
667,1,0
668,0.07087,0
669,0.43267,0
670,1,0
671,1,0
672,1,0
673,1,0
674,0.11604,0
675,0.53305,0
676,0.61055,0
677,0.35838,0
678,0.06042,0
679,0.2722,0
680,0.05194,0
681,0.3686,0
682,0.58904,0
683,1,0
684,1,0
685,1,0
686,1,0
687,1,0
688,1,0
689,1,0
690,1,0
691,1,0
692,0.72849,0
693,0.88911,0
694,0.67317,0
695,0.61679,0
696,0.6797,0
697,0.60155,0
698,0.16637,0
699,0.02316,0
700,1,0
701,1,0
702,1,0
703,0.99884,0
704,0.14967,0
